1 4
2 4
3 4
4 4
5 4
6 4
7 4
8 4
9 4
10 4
11 9
12 4
13 4
14 4
15 4
16 4
17 4
18 9
19 0
20 0
21 4
22 4
23 4
24 4
25 0
26 4
27 9
28 4
29 4
30 4
31 4
32 4
33 4
34 4
35 4
36 9
37 4
38 4
39 4
40 4
41 4
42 4
43 4
44 4
45 4
46 4
47 4
48 4
49 4
50 0
51 4
52 4
53 4
54 4
55 4
56 4
57 4
58 4
59 4
60 9
61 9
62 4
63 4
64 4
65 4
66 4
67 4
68 4
69 4
70 4
71 4
72 4
73 4
74 4
75 4
76 4
77 4
78 9
79 4
80 4
81 4
82 4
83 4
84 4
85 4
86 4
87 4
88 4
89 9
90 9
91 4
92 9
93 4
94 4
95 4
96 4
97 4
98 4
99 0
100 3
101 9
102 0
103 3
104 3
105 4
106 3
107 3
108 4
109 4
110 0
111 3
112 3
113 3
114 9
115 4
116 3
117 2
118 3
119 3
120 3
121 3
122 9
123 3
124 0
125 0
126 0
127 3
128 3
129 3
130 3
131 3
132 9
133 0
134 3
135 3
136 0
137 3
138 3
139 3
140 3
141 0
142 3
143 7
144 9
145 3
146 6
147 3
148 2
149 6
150 7
151 3
152 3
153 0
154 7
155 3
156 0
157 7
158 3
159 3
160 3
161 3
162 3
163 3
164 3
165 3
166 3
167 3
168 0
169 3
170 0
171 2
172 3
173 9
174 3
175 3
176 3
177 3
178 3
179 0
180 3
181 3
182 3
183 3
184 9
185 4
186 9
187 4
188 5
189 2
190 3
191 4
192 7
193 9
194 0
195 4
196 4
197 4
198 4
199 4
200 4
201 4
202 4
203 4
204 4
205 4
206 4
207 4
208 4
209 4
210 4
211 4
212 4
213 4
214 4
215 4
216 4
217 4
218 4
219 4
220 2
221 4
222 4
223 4
224 2
225 4
226 4
227 2
228 2
229 2
230 4
231 4
232 9
233 4
234 4
235 9
236 4
237 4
238 4
239 4
240 5
241 4
242 4
243 4
244 4
245 4
246 4
247 4
248 4
249 4
250 4
251 4
252 4
253 4
254 4
255 4
256 4
257 4
258 0
259 4
260 4
261 4
262 9
263 4
264 9
265 9
266 4
267 4
268 4
269 4
270 4
271 4
272 4
273 4
274 4
275 4
276 4
277 4
278 9
279 4
280 4
281 4
282 4
283 4
284 4
285 0
286 4
287 4
288 4
289 4
290 4
291 4
292 4
293 4
294 4
295 4
296 4
297 9
298 9
299 4
300 4
301 4
302 4
303 4
304 4
305 4
306 4
307 4
308 9
309 4
310 4
311 4
312 4
313 4
314 4
315 4
316 4
317 4
318 4
319 4
320 4
321 4
322 4
323 0
324 4
325 4
326 4
327 4
328 4
329 4
330 4
331 4
332 9
333 4
334 9
335 9
336 4
337 4
338 4
339 4
340 9
341 3
342 9
343 4
344 2
345 3
346 3
347 4
348 4
349 3
350 3
351 3
352 2
353 0
354 2
355 3
356 3
357 3
358 0
359 3
360 3
361 3
362 0
363 9
364 3
365 2
366 3
367 9
368 3
369 3
370 3
371 3
372 0
373 0
374 3
375 3
376 3
377 3
378 9
379 3
380 3
381 3
382 3
383 2
384 3
385 3
386 3
387 3
388 3
389 3
390 3
391 0
392 3
393 2
394 3
395 3
396 3
397 3
398 3
399 3
400 3
401 9
402 3
403 3
404 0
405 3
406 0
407 0
408 3
409 3
410 3
411 3
412 3
413 3
414 3
415 9
416 0
417 2
418 3
419 3
420 4
421 9
422 3
423 4
424 0
425 9
426 4
427 4
428 9
429 4
430 4
431 4
432 4
433 4
434 4
435 4
436 4
437 4
438 4
439 4
440 4
441 4
442 4
443 4
444 4
445 4
446 4
447 4
448 4
449 4
450 4
451 4
452 4
453 4
454 4
455 4
456 4
457 4
458 4
459 4
460 4
461 9
462 2
463 2
464 2
465 4
466 4
467 4
468 2
469 5
470 2
471 4
472 4
473 4
474 9
475 4
476 4
477 4
478 4
479 4
480 4
481 4
482 4
483 4
484 4
485 4
486 4
487 4
488 4
489 4
490 4
491 4
492 4
493 0
494 4
495 4
496 4
497 4
498 9
499 4
500 9
501 9
502 4
503 4
504 4
505 4
506 4
507 4
508 4
509 4
510 4
511 4
512 4
513 4
514 4
515 4
516 4
517 4
518 4
519 4
520 4
521 4
522 9
523 4
524 4
525 4
526 9
527 0
528 4
529 4
530 9
531 4
532 4
533 4
534 4
535 4
536 4
537 0
538 4
539 4
540 4
541 4
542 4
543 4
544 4
545 9
546 4
547 4
548 4
549 4
550 4
551 4
552 4
553 4
554 4
555 4
556 4
557 4
558 4
559 4
560 4
561 4
562 4
563 4
564 0
565 4
566 4
567 4
568 9
569 0
570 0
571 4
572 4
573 9
574 0
575 0
576 4
577 4
578 9
579 0
580 0
581 4
582 4
583 9
584 4
585 2
586 3
587 3
588 3
589 3
590 3
591 3
592 9
593 3
594 3
595 3
596 0
597 4
598 3
599 3
600 3
601 3
602 3
603 3
604 0
605 0
606 0
607 2
608 3
609 3
610 0
611 3
612 3
613 3
614 3
615 9
616 3
617 3
618 3
619 3
620 3
621 3
622 3
623 3
624 3
625 3
626 9
627 0
628 8
629 0
630 3
631 3
632 3
633 9
634 9
635 9
636 9
637 3
638 9
639 3
640 9
641 9
642 9
643 9
644 9
645 9
646 9
647 9
648 7
649 8
650 7
651 0
652 3
653 7
654 3
655 9
656 6
657 5
658 3
659 3
660 0
661 3
662 0
663 2
664 0
665 3
666 3
667 3
668 3
669 3
670 3
671 3
672 3
673 5
674 7
675 2
676 0
677 3
678 0
679 3
680 9
681 3
682 3
683 3
684 4
685 4
686 9
687 4
688 4
689 4
690 9
691 0
692 0
693 4
694 9
695 4
696 4
697 4
698 4
699 4
700 4
701 4
702 4
703 4
704 4
705 4
706 4
707 4
708 4
709 4
710 4
711 4
712 4
713 4
714 4
715 4
716 4
717 2
718 4
719 4
720 4
721 4
722 4
723 4
724 5
725 4
726 4
727 0
728 2
729 4
730 0
731 0
732 0
733 0
734 0
735 0
736 0
737 9
738 2
739 4
740 9
741 0
742 0
743 2
744 2
745 4
746 4
747 4
748 4
749 4
750 4
751 4
752 4
753 0
754 4
755 0
756 0
757 0
758 0
759 0
760 0
761 0
762 4
763 4
764 4
765 4
766 4
767 4
768 0
769 4
770 4
771 4
772 4
773 4
774 4
775 4
776 4
777 4
778 4
779 4
780 9
781 0
782 0
783 9
784 0
785 0
786 9
787 0
788 0
789 4
790 4
791 0
792 4
793 4
794 9
795 4
796 4
797 4
798 4
799 4
800 4
801 4
802 4
803 4
804 4
805 4
806 4
807 4
808 4
809 4
810 4
811 4
812 4
813 4
814 4
815 4
816 0
817 4
818 0
819 4
820 4
821 4
822 9
823 0
824 0
825 4
826 4
827 4
828 4
829 4
830 4
831 4
832 9
833 0
834 0
835 4
836 0
837 4
838 4
839 4
840 4
841 4
842 4
843 4
844 4
845 9
846 4
847 4
848 4
849 4
850 4
851 4
852 4
853 4
854 0
855 4
856 4
857 4
858 4
859 4
860 4
861 9
862 0
863 0
864 9
865 0
866 0
867 9
868 0
869 0
870 4
871 4
872 4
873 4
874 4
875 4
876 3
877 9
878 9
879 4
880 4
881 3
882 3
883 3
884 2
885 9
886 0
887 3
888 3
889 3
890 2
891 3
892 3
893 4
894 9
895 3
896 3
897 2
898 0
899 5
900 2
901 2
902 8
903 3
904 3
905 3
906 0
907 3
908 3
909 3
910 3
911 3
912 3
913 3
914 3
915 3
916 3
917 3
918 3
919 3
920 3
921 3
922 9
923 3
924 0
925 3
926 0
927 3
928 2
929 3
930 3
931 3
932 5
933 9
934 3
935 3
936 3
937 2
938 2
939 3
940 3
941 0
942 2
943 2
944 3
945 3
946 3
947 2
948 3
949 9
950 3
951 3
952 3
953 3
954 3
955 0
956 3
957 0
958 3
959 0
960 2
961 3
962 3
963 3
964 3
965 3
966 3
967 3
968 3
969 1
970 2
971 4
972 9
973 0
974 0
975 9
976 4
977 4
978 4
979 4
980 4
981 4
982 4
983 9
984 4
985 4
986 4
987 4
988 4
989 4
990 4
991 4
992 4
993 4
994 4
995 4
996 4
997 4
998 4
999 4
1000 4
1001 4
1002 4
1003 4
1004 2
1005 4
1006 4
1007 4
1008 4
1009 4
1010 2
1011 2
1012 9
1013 0
1014 0
1015 2
1016 9
1017 5
1018 4
1019 4
1020 4
1021 0
1022 2
1023 4
1024 2
1025 4
1026 4
1027 0
1028 0
1029 0
1030 0
1031 0
1032 0
1033 0
1034 4
1035 4
1036 4
1037 4
1038 4
1039 0
1040 4
1041 4
1042 4
1043 4
1044 0
1045 0
1046 0
1047 0
1048 0
1049 0
1050 0
1051 4
1052 4
1053 4
1054 4
1055 0
1056 4
1057 4
1058 4
1059 4
1060 4
1061 4
1062 4
1063 4
1064 4
1065 4
1066 4
1067 9
1068 0
1069 0
1070 9
1071 0
1072 0
1073 4
1074 4
1075 4
1076 4
1077 4
1078 9
1079 0
1080 0
1081 4
1082 4
1083 4
1084 4
1085 4
1086 0
1087 4
1088 4
1089 4
1090 4
1091 9
1092 4
1093 4
1094 4
1095 4
1096 4
1097 4
1098 4
1099 4
1100 4
1101 0
1102 4
1103 4
1104 0
1105 4
1106 4
1107 4
1108 4
1109 9
1110 0
1111 0
1112 4
1113 4
1114 4
1115 4
1116 0
1117 4
1118 4
1119 9
1120 0
1121 0
1122 4
1123 4
1124 4
1125 4
1126 4
1127 4
1128 4
1129 4
1130 4
1131 4
1132 4
1133 4
1134 9
1135 4
1136 4
1137 4
1138 4
1139 4
1140 4
1141 4
1142 4
1143 4
1144 0
1145 4
1146 4
1147 4
1148 4
1149 4
1150 4
1151 4
1152 9
1153 0
1154 0
1155 9
1156 0
1157 0
1158 9
1159 0
1160 0
1161 9
1162 4
1163 4
1164 4
1165 4
1166 4
1167 9
1168 3
1169 3
1170 3
1171 9
1172 3
1173 3
1174 9
1175 3
1176 0
1177 3
1178 3
1179 7
1180 0
1181 0
1182 2
1183 2
1184 5
1185 2
1186 2
1187 3
1188 3
1189 3
1190 3
1191 0
1192 7
1193 3
1194 5
1195 2
1196 3
1197 3
1198 7
1199 3
1200 7
1201 9
1202 3
1203 3
1204 7
1205 3
1206 0
1207 3
1208 3
1209 0
1210 0
1211 7
1212 3
1213 3
1214 3
1215 9
1216 3
1217 0
1218 2
1219 0
1220 3
1221 3
1222 7
1223 3
1224 7
1225 3
1226 0
1227 5
1228 3
1229 0
1230 5
1231 3
1232 3
1233 2
1234 9
1235 7
1236 9
1237 3
1238 5
1239 2
1240 2
1241 0
1242 7
1243 2
1244 2
1245 3
1246 7
1247 7
1248 2
1249 8
1250 8
1251 9
1252 7
1253 8
1254 9
1255 8
1256 9
1257 8
1258 8
1259 9
1260 8
1261 8
1262 8
1263 8
1264 5
1265 9
1266 9
1267 8
1268 9
1269 9
1270 9
1271 9
1272 9
1273 9
1274 5
1275 5
1276 8
1277 7
1278 5
1279 8
1280 3
1281 7
1282 9
1283 7
1284 8
1285 8
1286 8
1287 7
1288 8
1289 8
1290 8
1291 8
1292 8
1293 8
1294 7
1295 8
1296 7
1297 8
1298 8
1299 8
1300 8
1301 8
1302 8
1303 8
1304 8
1305 8
1306 8
1307 8
1308 8
1309 8
1310 2
1311 2
1312 3
1313 8
1314 8
1315 2
1316 2
1317 8
1318 5
1319 8
1320 2
1321 2
1322 7
1323 8
1324 8
1325 8
1326 8
1327 8
1328 8
1329 8
1330 8
1331 8
1332 8
1333 8
1334 8
1335 8
1336 8
1337 8
1338 8
1339 8
1340 8
1341 8
1342 8
1343 8
1344 8
1345 8
1346 8
1347 8
1348 8
1349 8
1350 8
1351 8
1352 8
1353 8
1354 8
1355 8
1356 8
1357 8
1358 8
1359 8
1360 8
1361 8
1362 8
1363 8
1364 8
1365 8
1366 8
1367 8
1368 8
1369 8
1370 2
1371 8
1372 6
1373 5
1374 7
1375 2
1376 4
1377 5
1378 5
1379 7
1380 3
1381 3
1382 0
1383 8
1384 8
1385 7
1386 8
1387 7
1388 3
1389 3
1390 0
1391 4
1392 9
1393 3
1394 5
1395 2
1396 3
1397 7
1398 0
1399 4
1400 3
1401 4
1402 6
1403 4
1404 7
1405 5
1406 4
1407 4
1408 4
1409 6
1410 7
1411 4
1412 4
1413 4
1414 7
1415 3
1416 4
1417 3
1418 3
1419 7
1420 0
1421 7
1422 4
1423 4
1424 0
1425 4
1426 4
1427 4
1428 0
1429 3
1430 4
1431 4
1432 9
1433 0
1434 3
1435 0
1436 4
1437 4
1438 4
1439 4
1440 3
1441 8
1442 3
1443 0
1444 0
1445 0
1446 3
1447 8
1448 0
1449 2
1450 3
1451 4
1452 3
1453 3
1454 8
1455 0
1456 4
1457 3
1458 0
1459 5
1460 4
1461 4
1462 3
1463 8
1464 7
1465 2
1466 3
1467 3
1468 3
1469 3
1470 3
1471 3
1472 3
1473 3
1474 9
1475 3
1476 3
1477 3
1478 3
1479 3
1480 3
1481 5
1482 3
1483 2
1484 3
1485 3
1486 3
1487 2
1488 3
1489 3
1490 3
1491 3
1492 3
1493 3
1494 3
1495 3
1496 3
1497 3
1498 3
1499 3
1500 3
1501 3
1502 3
1503 3
1504 3
1505 3
1506 3
1507 3
1508 3
1509 3
1510 3
1511 3
1512 3
1513 3
1514 3
1515 3
1516 3
1517 3
1518 3
1519 3
1520 3
1521 3
1522 3
1523 3
1524 2
1525 3
1526 3
1527 3
1528 3
1529 3
1530 3
1531 0
1532 3
1533 3
1534 3
1535 3
1536 2
1537 3
1538 3
1539 3
1540 3
1541 3
1542 3
1543 3
1544 3
1545 3
1546 3
1547 3
1548 3
1549 3
1550 3
1551 3
1552 2
1553 3
1554 3
1555 3
1556 3
1557 3
1558 3
1559 3
1560 3
1561 3
1562 3
1563 3
1564 3
1565 3
1566 3
1567 3
1568 3
1569 3
1570 3
1571 3
1572 3
1573 3
1574 3
1575 3
1576 3
1577 3
1578 3
1579 3
1580 3
1581 3
1582 3
1583 3
1584 3
1585 3
1586 3
1587 3
1588 0
1589 3
1590 3
1591 3
1592 3
1593 3
1594 3
1595 3
1596 3
1597 3
1598 3
1599 4
1600 3
1601 0
1602 3
1603 0
1604 0
1605 5
1606 7
1607 5
1608 3
1609 0
1610 2
1611 2
1612 0
1613 0
1614 2
1615 8
1616 0
1617 0
1618 9
1619 5
1620 5
1621 7
1622 2
1623 3
1624 7
1625 0
1626 7
1627 4
1628 0
1629 3
1630 2
1631 9
1632 2
1633 4
1634 4
1635 4
1636 9
1637 3
1638 4
1639 4
1640 9
1641 0
1642 0
1643 4
1644 9
1645 4
1646 4
1647 4
1648 4
1649 4
1650 4
1651 4
1652 4
1653 4
1654 4
1655 4
1656 4
1657 4
1658 4
1659 4
1660 4
1661 4
1662 4
1663 4
1664 2
1665 2
1666 4
1667 4
1668 4
1669 4
1670 2
1671 4
1672 4
1673 2
1674 4
1675 4
1676 2
1677 2
1678 2
1679 2
1680 2
1681 2
1682 2
1683 2
1684 2
1685 2
1686 2
1687 2
1688 2
1689 9
1690 4
1691 4
1692 0
1693 2
1694 2
1695 4
1696 4
1697 4
1698 5
1699 4
1700 9
1701 0
1702 0
1703 4
1704 0
1705 0
1706 0
1707 0
1708 0
1709 0
1710 0
1711 4
1712 4
1713 4
1714 4
1715 0
1716 0
1717 0
1718 0
1719 0
1720 0
1721 0
1722 4
1723 4
1724 4
1725 0
1726 4
1727 4
1728 4
1729 4
1730 4
1731 4
1732 4
1733 4
1734 4
1735 4
1736 4
1737 0
1738 4
1739 4
1740 4
1741 4
1742 4
1743 9
1744 0
1745 0
1746 4
1747 4
1748 4
1749 4
1750 9
1751 0
1752 0
1753 4
1754 9
1755 0
1756 0
1757 4
1758 4
1759 4
1760 4
1761 4
1762 4
1763 4
1764 4
1765 4
1766 0
1767 4
1768 4
1769 4
1770 4
1771 9
1772 4
1773 4
1774 4
1775 4
1776 4
1777 4
1778 4
1779 4
1780 0
1781 4
1782 4
1783 4
1784 0
1785 4
1786 9
1787 0
1788 0
1789 9
1790 0
1791 0
1792 4
1793 4
1794 4
1795 4
1796 4
1797 4
1798 4
1799 4
1800 4
1801 4
1802 4
1803 0
1804 4
1805 4
1806 4
1807 4
1808 4
1809 9
1810 4
1811 4
1812 4
1813 4
1814 4
1815 4
1816 4
1817 4
1818 4
1819 4
1820 4
1821 4
1822 4
1823 0
1824 4
1825 4
1826 4
1827 4
1828 9
1829 0
1830 0
1831 9
1832 0
1833 0
1834 9
1835 4
1836 2
1837 9
1838 2
1839 3
1840 4
1841 7
1842 4
1843 4
1844 4
1845 4
1846 9
1847 0
1848 0
1849 7
1850 7
1851 7
1852 7
1853 7
1854 7
1855 7
1856 7
1857 7
1858 7
1859 7
1860 7
1861 7
1862 7
1863 7
1864 7
1865 7
1866 7
1867 7
1868 7
1869 7
1870 7
1871 7
1872 5
1873 7
1874 6
1875 7
1876 3
1877 7
1878 7
1879 7
1880 7
1881 7
1882 6
1883 2
1884 5
1885 2
1886 2
1887 5
1888 7
1889 7
1890 5
1891 7
1892 5
1893 7
1894 3
1895 5
1896 4
1897 7
1898 4
1899 7
1900 5
1901 7
1902 5
1903 3
1904 5
1905 3
1906 7
1907 7
1908 7
1909 7
1910 7
1911 7
1912 7
1913 7
1914 7
1915 7
1916 7
1917 7
1918 7
1919 7
1920 7
1921 7
1922 7
1923 7
1924 7
1925 7
1926 7
1927 7
1928 7
1929 7
1930 7
1931 7
1932 7
1933 7
1934 7
1935 7
1936 7
1937 7
1938 7
1939 7
1940 7
1941 7
1942 7
1943 7
1944 7
1945 7
1946 7
1947 7
1948 7
1949 7
1950 7
1951 7
1952 7
1953 7
1954 7
1955 7
1956 7
1957 7
1958 7
1959 7
1960 7
1961 7
1962 7
1963 7
1964 7
1965 7
1966 7
1967 7
1968 7
1969 7
1970 7
1971 7
1972 7
1973 7
1974 7
1975 7
1976 7
1977 7
1978 7
1979 7
1980 7
1981 7
1982 7
1983 7
1984 7
1985 7
1986 7
1987 7
1988 7
1989 7
1990 7
1991 7
1992 7
1993 7
1994 7
1995 7
1996 7
1997 7
1998 7
1999 7
2000 7
2001 7
2002 7
2003 7
2004 7
2005 7
2006 7
2007 7
2008 7
2009 7
2010 7
2011 7
2012 7
2013 7
2014 7
2015 7
2016 7
2017 7
2018 7
2019 7
2020 7
2021 7
2022 7
2023 7
2024 7
2025 7
2026 7
2027 7
2028 7
2029 7
2030 7
2031 7
2032 7
2033 7
2034 7
2035 7
2036 7
2037 7
2038 7
2039 7
2040 7
2041 7
2042 7
2043 7
2044 7
2045 3
2046 7
2047 7
2048 7
2049 7
2050 7
2051 7
2052 7
2053 7
2054 7
2055 7
2056 7
2057 7
2058 7
2059 7
2060 7
2061 7
2062 7
2063 7
2064 7
2065 7
2066 7
2067 7
2068 7
2069 7
2070 7
2071 7
2072 7
2073 7
2074 7
2075 7
2076 7
2077 7
2078 7
2079 7
2080 7
2081 7
2082 7
2083 7
2084 7
2085 7
2086 7
2087 7
2088 7
2089 7
2090 7
2091 7
2092 7
2093 7
2094 7
2095 7
2096 7
2097 7
2098 7
2099 7
2100 7
2101 7
2102 7
2103 7
2104 7
2105 7
2106 7
2107 7
2108 7
2109 7
2110 7
2111 7
2112 7
2113 7
2114 7
2115 7
2116 7
2117 7
2118 7
2119 7
2120 7
2121 7
2122 7
2123 5
2124 7
2125 7
2126 7
2127 7
2128 7
2129 7
2130 7
2131 7
2132 7
2133 7
2134 7
2135 7
2136 7
2137 7
2138 7
2139 7
2140 7
2141 7
2142 7
2143 7
2144 7
2145 7
2146 7
2147 7
2148 7
2149 7
2150 7
2151 7
2152 7
2153 7
2154 7
2155 7
2156 7
2157 7
2158 7
2159 7
2160 7
2161 7
2162 7
2163 7
2164 7
2165 7
2166 7
2167 7
2168 7
2169 7
2170 7
2171 7
2172 7
2173 7
2174 7
2175 7
2176 7
2177 7
2178 7
2179 7
2180 7
2181 7
2182 7
2183 7
2184 7
2185 7
2186 7
2187 7
2188 7
2189 7
2190 7
2191 7
2192 7
2193 7
2194 7
2195 7
2196 7
2197 7
2198 7
2199 7
2200 7
2201 7
2202 7
2203 7
2204 7
2205 7
2206 7
2207 7
2208 7
2209 7
2210 7
2211 7
2212 7
2213 7
2214 7
2215 7
2216 7
2217 7
2218 7
2219 7
2220 7
2221 7
2222 7
2223 7
2224 7
2225 7
2226 7
2227 7
2228 7
2229 9
2230 7
2231 7
2232 9
2233 7
2234 7
2235 7
2236 7
2237 7
2238 7
2239 7
2240 7
2241 7
2242 7
2243 7
2244 7
2245 7
2246 7
2247 7
2248 7
2249 7
2250 7
2251 7
2252 7
2253 7
2254 7
2255 7
2256 7
2257 7
2258 7
2259 7
2260 7
2261 7
2262 7
2263 7
2264 7
2265 7
2266 7
2267 7
2268 7
2269 7
2270 7
2271 7
2272 7
2273 7
2274 7
2275 7
2276 7
2277 7
2278 7
2279 7
2280 7
2281 7
2282 7
2283 7
2284 7
2285 7
2286 7
2287 7
2288 7
2289 7
2290 7
2291 7
2292 7
2293 7
2294 7
2295 7
2296 7
2297 7
2298 7
2299 7
2300 7
2301 7
2302 7
2303 7
2304 7
2305 7
2306 7
2307 7
2308 7
2309 7
2310 7
2311 7
2312 7
2313 7
2314 7
2315 7
2316 7
2317 7
2318 7
2319 7
2320 4
2321 7
2322 7
2323 7
2324 2
2325 7
2326 7
2327 7
2328 7
2329 5
2330 7
2331 7
2332 7
2333 7
2334 0
2335 0
2336 9
2337 2
2338 9
2339 7
2340 7
2341 9
2342 0
2343 4
2344 9
2345 7
2346 7
2347 2
2348 2
2349 7
2350 7
2351 7
2352 2
2353 7
2354 5
2355 7
2356 7
2357 6
2358 6
2359 0
2360 6
2361 6
2362 7
2363 6
2364 4
2365 6
2366 6
2367 6
2368 3
2369 6
2370 6
2371 3
2372 6
2373 6
2374 6
2375 6
2376 6
2377 6
2378 6
2379 6
2380 4
2381 3
2382 4
2383 4
2384 3
2385 4
2386 2
2387 0
2388 4
2389 4
2390 4
2391 3
2392 0
2393 3
2394 4
2395 0
2396 4
2397 7
2398 2
2399 2
2400 2
2401 2
2402 3
2403 2
2404 2
2405 7
2406 2
2407 2
2408 4
2409 7
2410 7
2411 2
2412 2
2413 7
2414 2
2415 9
2416 9
2417 3
2418 2
2419 7
2420 0
2421 8
2422 2
2423 4
2424 2
2425 9
2426 3
2427 3
2428 5
2429 7
2430 8
2431 8
2432 9
2433 8
2434 7
2435 3
2436 5
2437 7
2438 0
2439 2
2440 5
2441 0
2442 0
2443 0
2444 0
2445 0
2446 4
2447 5
2448 0
2449 0
2450 0
2451 0
2452 0
2453 0
2454 0
2455 0
2456 0
2457 7
2458 3
2459 6
2460 5
2461 6
2462 0
2463 5
2464 0
2465 7
2466 0
2467 6
2468 6
2469 5
2470 7
2471 3
2472 7
2473 3
2474 0
2475 0
2476 4
2477 5
2478 6
2479 9
2480 0
2481 8
2482 0
2483 0
2484 0
2485 5
2486 9
2487 0
2488 3
2489 0
2490 0
2491 0
2492 3
2493 5
2494 4
2495 5
2496 0
2497 4
2498 7
2499 6
2500 3
2501 5
2502 5
2503 3
2504 7
2505 4
2506 0
2507 3
2508 4
2509 0
2510 4
2511 6
2512 0
2513 6
2514 0
2515 0
2516 0
2517 6
2518 0
2519 7
2520 6
2521 6
2522 6
2523 6
2524 6
2525 5
2526 6
2527 6
2528 6
2529 6
2530 3
2531 6
2532 7
2533 6
2534 2
2535 0
2536 0
2537 7
2538 3
2539 5
2540 6
2541 3
2542 4
2543 0
2544 5
2545 6
2546 7
2547 0
2548 0
2549 4
2550 6
2551 5
2552 6
2553 4
2554 7
2555 3
2556 3
2557 6
2558 4
2559 0
2560 6
2561 6
2562 6
2563 6
2564 6
2565 7
2566 6
2567 6
2568 6
2569 6
2570 6
2571 6
2572 6
2573 6
2574 6
2575 6
2576 6
2577 6
2578 6
2579 6
2580 6
2581 6
2582 6
2583 6
2584 6
2585 9
2586 6
2587 6
2588 6
2589 6
2590 6
2591 0
2592 0
2593 5
2594 0
2595 0
2596 7
2597 4
2598 0
2599 0
2600 0
2601 2
2602 0
2603 0
2604 0
2605 0
2606 0
2607 0
2608 0
2609 0
2610 0
2611 0
2612 0
2613 2
2614 0
2615 0
2616 0
2617 0
2618 0
2619 0
2620 0
2621 0
2622 0
2623 0
2624 9
2625 0
2626 0
2627 0
2628 0
2629 0
2630 0
2631 0
2632 0
2633 0
2634 0
2635 0
2636 3
2637 9
2638 0
2639 2
2640 0
2641 0
2642 0
2643 2
2644 5
2645 7
2646 2
2647 2
2648 5
2649 0
2650 6
2651 0
2652 6
2653 0
2654 0
2655 0
2656 0
2657 0
2658 0
2659 0
2660 0
2661 0
2662 0
2663 0
2664 0
2665 0
2666 0
2667 0
2668 0
2669 9
2670 0
2671 0
2672 0
2673 0
2674 0
2675 0
2676 0
2677 5
2678 0
2679 0
2680 0
2681 2
2682 0
2683 0
2684 0
2685 2
2686 0
2687 9
2688 0
2689 2
2690 2
2691 0
2692 0
2693 5
2694 5
2695 7
2696 0
2697 4
2698 0
2699 0
2700 0
2701 0
2702 0
2703 0
2704 0
2705 0
2706 0
2707 0
2708 0
2709 0
2710 0
2711 0
2712 9
2713 0
2714 2
2715 0
2716 0
2717 7
2718 0
2719 0
2720 0
2721 0
2722 0
2723 9
2724 0
2725 2
2726 0
2727 0
2728 0
2729 0
2730 0
2731 5
2732 0
2733 2
2734 2
2735 0
2736 0
2737 0
2738 0
2739 0
2740 0
2741 0
2742 5
2743 0
2744 7
2745 9
2746 0
2747 5
2748 0
2749 0
2750 0
2751 0
2752 0
2753 0
2754 2
2755 0
2756 0
2757 0
2758 0
2759 0
2760 0
2761 0
2762 2
2763 0
2764 0
2765 0
2766 7
2767 0
2768 0
2769 3
2770 7
2771 3
2772 0
2773 7
2774 4
2775 5
2776 7
2777 0
2778 0
2779 0
2780 9
2781 0
2782 7
2783 2
2784 0
2785 0
2786 0
2787 0
2788 0
2789 2
2790 0
2791 0
2792 0
2793 0
2794 0
2795 0
2796 0
2797 0
2798 0
2799 0
2800 0
2801 0
2802 0
2803 0
2804 0
2805 0
2806 0
2807 0
2808 9
2809 0
2810 0
2811 0
2812 7
2813 0
2814 0
2815 0
2816 2
2817 9
2818 0
2819 5
2820 0
2821 0
2822 0
2823 0
2824 0
2825 5
2826 0
2827 2
2828 0
2829 0
2830 2
2831 0
2832 2
2833 0
2834 0
2835 0
2836 0
2837 7
2838 0
2839 5
2840 0
2841 0
2842 9
2843 0
2844 0
2845 0
2846 0
2847 0
2848 9
2849 0
2850 0
2851 0
2852 0
2853 7
2854 0
2855 0
2856 0
2857 0
2858 0
2859 0
2860 0
2861 0
2862 0
2863 0
2864 0
2865 0
2866 0
2867 0
2868 2
2869 0
2870 0
2871 5
2872 2
2873 0
2874 2
2875 0
2876 2
2877 0
2878 5
2879 3
2880 0
2881 7
2882 0
2883 0
2884 0
2885 0
2886 7
2887 0
2888 0
2889 0
2890 0
2891 0
2892 0
2893 0
2894 0
2895 0
2896 9
2897 0
2898 0
2899 0
2900 0
2901 0
2902 0
2903 7
2904 0
2905 0
2906 0
2907 5
2908 2
2909 0
2910 2
2911 0
2912 0
2913 0
2914 0
2915 0
2916 5
2917 5
2918 2
2919 0
2920 2
2921 0
2922 7
2923 0
2924 0
2925 6
2926 0
2927 6
2928 0
2929 9
2930 0
2931 0
2932 0
2933 0
2934 0
2935 0
2936 0
2937 0
2938 0
2939 8
2940 7
2941 0
2942 0
2943 0
2944 0
2945 0
2946 0
2947 0
2948 0
2949 0
2950 0
2951 0
2952 0
2953 0
2954 0
2955 0
2956 2
2957 0
2958 0
2959 0
2960 2
2961 0
2962 0
2963 0
2964 0
2965 4
2966 0
2967 0
2968 0
2969 0
2970 0
2971 0
2972 0
2973 0
2974 9
2975 0
2976 7
2977 0
2978 0
2979 0
2980 0
2981 0
2982 0
2983 0
2984 0
2985 7
2986 5
2987 0
2988 0
2989 0
2990 0
2991 0
2992 0
2993 2
2994 0
2995 0
2996 0
2997 0
2998 0
2999 0
3000 2
3001 0
3002 5
3003 5
3004 0
3005 7
3006 5
3007 3
3008 0
3009 0
3010 5
3011 0
3012 0
3013 0
3014 0
3015 0
3016 0
3017 0
3018 5
3019 5
3020 0
3021 0
3022 0
3023 0
3024 0
3025 0
3026 0
3027 0
3028 0
3029 0
3030 0
3031 0
3032 0
3033 0
3034 0
3035 0
3036 0
3037 0
3038 0
3039 5
3040 0
3041 0
3042 0
3043 0
3044 0
3045 7
3046 5
3047 0
3048 0
3049 0
3050 3
3051 0
3052 7
3053 4
3054 7
3055 7
3056 0
3057 7
3058 7
3059 0
3060 3
3061 2
3062 5
3063 0
3064 2
3065 7
3066 7
3067 0
3068 7
3069 0
3070 7
3071 3
3072 4
3073 0
3074 4
3075 7
3076 3
3077 0
3078 7
3079 6
3080 0
3081 6
3082 6
3083 6
3084 6
3085 6
3086 7
3087 6
3088 7
3089 6
3090 6
3091 6
3092 0
3093 6
3094 6
3095 6
3096 6
3097 3
3098 6
3099 0
3100 6
3101 6
3102 6
3103 6
3104 6
3105 6
3106 6
3107 6
3108 6
3109 0
3110 0
3111 6
3112 4
3113 6
3114 6
3115 6
3116 6
3117 0
3118 6
3119 3
3120 2
3121 7
3122 7
3123 0
3124 0
3125 6
3126 7
3127 5
3128 6
3129 3
3130 6
3131 6
3132 6
3133 6
3134 6
3135 4
3136 7
3137 3
3138 0
3139 6
3140 6
3141 0
3142 6
3143 6
3144 7
3145 7
3146 7
3147 2
3148 6
3149 2
3150 0
3151 0
3152 5
3153 0
3154 7
3155 3
3156 2
3157 0
3158 2
3159 5
3160 4
3161 0
3162 0
3163 0
3164 0
3165 6
3166 0
3167 0
3168 0
3169 0
3170 0
3171 0
3172 9
3173 0
3174 0
3175 0
3176 0
3177 0
3178 0
3179 6
3180 0
3181 0
3182 6
3183 0
3184 0
3185 7
3186 0
3187 0
3188 0
3189 0
3190 0
3191 2
3192 0
3193 8
3194 0
3195 0
3196 0
3197 0
3198 0
3199 0
3200 0
3201 0
3202 0
3203 3
3204 0
3205 0
3206 7
3207 6
3208 6
3209 9
3210 7
3211 6
3212 5
3213 3
3214 0
3215 6
3216 7
3217 0
3218 7
3219 6
3220 4
3221 3
3222 7
3223 5
3224 7
3225 0
3226 0
3227 7
3228 3
3229 7
3230 7
3231 4
3232 5
3233 8
3234 7
3235 7
3236 0
3237 3
3238 5
3239 0
3240 3
3241 0
3242 9
3243 7
3244 0
3245 3
3246 0
3247 0
3248 4
3249 4
3250 7
3251 7
3252 7
3253 3
3254 5
3255 3
3256 3
3257 5
3258 4
3259 7
3260 7
3261 9
3262 0
3263 8
3264 8
3265 5
3266 3
3267 5
3268 7
3269 5
3270 8
3271 5
3272 3
3273 5
3274 8
3275 7
3276 7
3277 8
3278 3
3279 4
3280 2
3281 3
3282 0
3283 4
3284 7
3285 5
3286 8
3287 5
3288 8
3289 8
3290 8
3291 4
3292 7
3293 3
3294 7
3295 4
3296 4
3297 9
3298 4
3299 9
3300 4
3301 4
3302 9
3303 0
3304 0
3305 4
3306 4
3307 4
3308 4
3309 4
3310 4
3311 4
3312 4
3313 4
3314 4
3315 4
3316 4
3317 4
3318 4
3319 4
3320 4
3321 4
3322 4
3323 4
3324 4
3325 4
3326 4
3327 4
3328 4
3329 4
3330 4
3331 4
3332 4
3333 2
3334 2
3335 2
3336 2
3337 2
3338 2
3339 2
3340 2
3341 2
3342 2
3343 2
3344 2
3345 2
3346 4
3347 0
3348 2
3349 2
3350 4
3351 4
3352 5
3353 9
3354 0
3355 0
3356 4
3357 4
3358 4
3359 0
3360 0
3361 0
3362 0
3363 0
3364 0
3365 0
3366 9
3367 4
3368 4
3369 4
3370 0
3371 0
3372 0
3373 0
3374 0
3375 0
3376 0
3377 4
3378 0
3379 4
3380 4
3381 4
3382 4
3383 4
3384 4
3385 4
3386 4
3387 4
3388 4
3389 4
3390 4
3391 4
3392 0
3393 4
3394 4
3395 4
3396 4
3397 4
3398 4
3399 9
3400 0
3401 0
3402 4
3403 9
3404 0
3405 0
3406 4
3407 4
3408 9
3409 0
3410 0
3411 4
3412 4
3413 4
3414 4
3415 4
3416 4
3417 4
3418 4
3419 0
3420 9
3421 4
3422 4
3423 4
3424 4
3425 4
3426 4
3427 4
3428 4
3429 4
3430 4
3431 4
3432 4
3433 4
3434 4
3435 4
3436 4
3437 0
3438 4
3439 0
3440 4
3441 4
3442 9
3443 0
3444 0
3445 4
3446 4
3447 4
3448 4
3449 9
3450 0
3451 0
3452 4
3453 4
3454 4
3455 4
3456 4
3457 4
3458 4
3459 0
3460 4
3461 4
3462 4
3463 9
3464 4
3465 4
3466 4
3467 4
3468 4
3469 4
3470 4
3471 4
3472 4
3473 4
3474 4
3475 4
3476 4
3477 4
3478 0
3479 4
3480 4
3481 4
3482 4
3483 9
3484 0
3485 0
3486 9
3487 0
3488 0
3489 4
3490 4
3491 9
3492 0
3493 0
3494 4
3495 4
3496 4
3497 7
3498 9
3499 4
3500 9
3501 4
3502 3
3503 7
3504 4
3505 7
3506 5
3507 5
3508 7
3509 3
3510 9
3511 3
3512 4
3513 7
3514 3
3515 0
3516 0
3517 4
3518 5
3519 3
3520 7
3521 1
3522 8
3523 8
3524 8
3525 8
3526 8
3527 5
3528 8
3529 4
3530 8
3531 5
3532 7
3533 9
3534 1
3535 1
3536 1
3537 1
3538 1
3539 1
3540 1
3541 1
3542 1
3543 4
3544 1
3545 1
3546 1
3547 1
3548 1
3549 1
3550 1
3551 1
3552 1
3553 1
3554 1
3555 1
3556 1
3557 1
3558 1
3559 1
3560 1
3561 1
3562 1
3563 1
3564 1
3565 1
3566 1
3567 1
3568 1
3569 1
3570 1
3571 1
3572 1
3573 1
3574 1
3575 1
3576 1
3577 1
3578 1
3579 1
3580 1
3581 1
3582 1
3583 1
3584 1
3585 1
3586 1
3587 1
3588 1
3589 1
3590 1
3591 1
3592 1
3593 1
3594 1
3595 1
3596 1
3597 1
3598 1
3599 1
3600 1
3601 1
3602 1
3603 1
3604 1
3605 1
3606 1
3607 1
3608 1
3609 1
3610 1
3611 1
3612 1
3613 1
3614 1
3615 1
3616 1
3617 1
3618 1
3619 1
3620 1
3621 1
3622 1
3623 1
3624 1
3625 1
3626 1
3627 1
3628 1
3629 1
3630 1
3631 1
3632 1
3633 1
3634 1
3635 1
3636 1
3637 1
3638 1
3639 1
3640 1
3641 1
3642 1
3643 1
3644 1
3645 1
3646 1
3647 1
3648 1
3649 1
3650 1
3651 1
3652 1
3653 1
3654 1
3655 1
3656 1
3657 1
3658 1
3659 1
3660 1
3661 1
3662 1
3663 1
3664 1
3665 1
3666 1
3667 1
3668 1
3669 1
3670 1
3671 1
3672 1
3673 1
3674 1
3675 1
3676 1
3677 1
3678 1
3679 1
3680 1
3681 1
3682 1
3683 1
3684 1
3685 1
3686 1
3687 1
3688 1
3689 1
3690 1
3691 1
3692 1
3693 1
3694 1
3695 1
3696 1
3697 1
3698 1
3699 1
3700 1
3701 1
3702 1
3703 1
3704 1
3705 1
3706 1
3707 1
3708 1
3709 1
3710 1
3711 1
3712 1
3713 1
3714 1
3715 1
3716 1
3717 1
3718 1
3719 1
3720 1
3721 1
3722 1
3723 1
3724 1
3725 1
3726 1
3727 1
3728 1
3729 1
3730 1
3731 1
3732 1
3733 1
3734 1
3735 1
3736 1
3737 1
3738 1
3739 1
3740 1
3741 1
3742 1
3743 1
3744 1
3745 1
3746 1
3747 1
3748 1
3749 1
3750 1
3751 1
3752 1
3753 1
3754 1
3755 1
3756 1
3757 1
3758 1
3759 1
3760 1
3761 1
3762 1
3763 1
3764 1
3765 1
3766 1
3767 1
3768 1
3769 1
3770 1
3771 1
3772 1
3773 1
3774 1
3775 1
3776 1
3777 4
3778 1
3779 1
3780 1
3781 1
3782 1
3783 1
3784 1
3785 1
3786 1
3787 1
3788 1
3789 1
3790 4
3791 1
3792 1
3793 1
3794 1
3795 1
3796 1
3797 1
3798 1
3799 1
3800 1
3801 1
3802 1
3803 4
3804 1
3805 1
3806 1
3807 1
3808 1
3809 1
3810 1
3811 1
3812 1
3813 1
3814 1
3815 1
3816 1
3817 4
3818 1
3819 1
3820 1
3821 1
3822 1
3823 1
3824 1
3825 1
3826 1
3827 1
3828 1
3829 1
3830 1
3831 4
3832 1
3833 1
3834 1
3835 1
3836 1
3837 1
3838 1
3839 1
3840 1
3841 1
3842 4
3843 1
3844 1
3845 1
3846 1
3847 1
3848 1
3849 1
3850 1
3851 1
3852 1
3853 1
3854 1
3855 4
3856 1
3857 1
3858 1
3859 1
3860 1
3861 1
3862 1
3863 1
3864 1
3865 1
3866 1
3867 1
3868 1
3869 4
3870 1
3871 1
3872 1
3873 1
3874 1
3875 1
3876 1
3877 1
3878 1
3879 1
3880 1
3881 1
3882 4
3883 1
3884 1
3885 1
3886 1
3887 1
3888 1
3889 1
3890 1
3891 1
3892 1
3893 1
3894 1
3895 4
3896 1
3897 1
3898 1
3899 1
3900 1
3901 1
3902 1
3903 1
3904 1
3905 1
3906 1
3907 1
3908 1
3909 4
3910 1
3911 1
3912 1
3913 1
3914 1
3915 1
3916 1
3917 1
3918 1
3919 1
3920 1
3921 4
3922 1
3923 1
3924 1
3925 1
3926 1
3927 1
3928 1
3929 1
3930 1
3931 1
3932 1
3933 1
3934 4
3935 1
3936 2
3937 2
3938 1
3939 2
3940 1
3941 1
3942 1
3943 1
3944 1
3945 1
3946 1
3947 1
3948 1
3949 1
3950 1
3951 4
3952 1
3953 1
3954 1
3955 1
3956 1
3957 1
3958 1
3959 1
3960 1
3961 1
3962 1
3963 1
3964 1
3965 1
3966 4
3967 1
3968 1
3969 1
3970 1
3971 1
3972 1
3973 1
3974 1
3975 1
3976 1
3977 1
3978 4
3979 1
3980 1
3981 1
3982 1
3983 1
3984 1
3985 1
3986 1
3987 1
3988 1
3989 1
3990 1
3991 4
3992 1
3993 1
3994 1
3995 1
3996 1
3997 1
3998 1
3999 1
4000 1
4001 1
4002 1
4003 4
4004 1
4005 1
4006 1
4007 1
4008 1
4009 1
4010 1
4011 1
4012 1
4013 1
4014 1
4015 1
4016 1
4017 1
4018 1
4019 1
4020 1
4021 1
4022 4
4023 1
4024 1
4025 1
4026 1
4027 1
4028 1
4029 1
4030 1
4031 1
4032 1
4033 1
4034 1
4035 1
4036 4
4037 1
4038 1
4039 1
4040 1
4041 1
4042 1
4043 1
4044 1
4045 1
4046 1
4047 1
4048 1
4049 4
4050 1
4051 1
4052 1
4053 1
4054 1
4055 1
4056 1
4057 1
4058 1
4059 1
4060 1
4061 4
4062 1
4063 1
4064 1
4065 1
4066 1
4067 1
4068 1
4069 1
4070 1
4071 1
4072 1
4073 1
4074 4
4075 1
4076 1
4077 1
4078 1
4079 1
4080 1
4081 1
4082 1
4083 1
4084 1
4085 1
4086 1
4087 1
4088 4
4089 1
4090 1
4091 1
4092 1
4093 1
4094 1
4095 1
4096 1
4097 1
4098 1
4099 1
4100 1
4101 1
4102 4
4103 1
4104 1
4105 1
4106 1
4107 1
4108 1
4109 1
4110 1
4111 1
4112 1
4113 1
4114 1
4115 1
4116 1
4117 1
4118 1
4119 1
4120 1
4121 4
4122 1
4123 1
4124 1
4125 1
4126 1
4127 1
4128 1
4129 1
4130 1
4131 1
4132 1
4133 1
4134 1
4135 1
4136 4
4137 1
4138 1
4139 1
4140 1
4141 1
4142 1
4143 1
4144 1
4145 1
4146 1
4147 1
4148 1
4149 1
4150 4
4151 1
4152 2
4153 1
4154 1
4155 1
4156 1
4157 1
4158 1
4159 2
4160 2
4161 2
4162 2
4163 1
4164 1
4165 1
4166 1
4167 1
4168 1
4169 1
4170 1
4171 1
4172 1
4173 1
4174 1
4175 4
4176 1
4177 1
4178 1
4179 1
4180 1
4181 1
4182 1
4183 1
4184 1
4185 1
4186 1
4187 1
4188 1
4189 1
4190 1
4191 1
4192 1
4193 1
4194 4
4195 1
4196 1
4197 1
4198 1
4199 1
4200 1
4201 1
4202 1
4203 1
4204 1
4205 1
4206 1
4207 4
4208 1
4209 1
4210 1
4211 1
4212 1
4213 1
4214 1
4215 1
4216 1
4217 1
4218 1
4219 4
4220 1
4221 1
4222 1
4223 1
4224 1
4225 1
4226 1
4227 1
4228 1
4229 1
4230 1
4231 4
4232 1
4233 1
4234 1
4235 1
4236 1
4237 1
4238 1
4239 1
4240 1
4241 1
4242 1
4243 1
4244 1
4245 1
4246 4
4247 1
4248 1
4249 1
4250 1
4251 1
4252 1
4253 1
4254 1
4255 1
4256 1
4257 1
4258 1
4259 1
4260 4
4261 1
4262 1
4263 1
4264 1
4265 1
4266 1
4267 1
4268 1
4269 1
4270 1
4271 4
4272 1
4273 1
4274 1
4275 1
4276 1
4277 1
4278 1
4279 1
4280 1
4281 1
4282 1
4283 1
4284 4
4285 1
4286 1
4287 1
4288 1
4289 1
4290 1
4291 1
4292 1
4293 1
4294 1
4295 1
4296 1
4297 1
4298 4
4299 1
4300 1
4301 1
4302 1
4303 1
4304 1
4305 1
4306 1
4307 1
4308 1
4309 1
4310 1
4311 1
4312 4
4313 1
4314 1
4315 1
4316 1
4317 1
4318 1
4319 1
4320 1
4321 1
4322 1
4323 1
4324 4
4325 1
4326 1
4327 1
4328 1
4329 1
4330 1
4331 1
4332 1
4333 1
4334 1
4335 1
4336 1
4337 1
4338 4
4339 1
4340 1
4341 1
4342 1
4343 1
4344 1
4345 1
4346 1
4347 1
4348 1
4349 4
4350 1
4351 1
4352 1
4353 1
4354 1
4355 1
4356 1
4357 1
4358 1
4359 1
4360 1
4361 1
4362 4
4363 1
4364 1
4365 2
4366 2
4367 2
4368 2
4369 1
4370 2
4371 1
4372 1
4373 1
4374 1
4375 1
4376 1
4377 1
4378 1
4379 1
4380 1
4381 1
4382 1
4383 4
4384 1
4385 1
4386 1
4387 1
4388 1
4389 1
4390 1
4391 1
4392 1
4393 1
4394 1
4395 1
4396 1
4397 4
4398 1
4399 1
4400 1
4401 1
4402 1
4403 1
4404 1
4405 1
4406 1
4407 1
4408 4
4409 1
4410 1
4411 1
4412 1
4413 1
4414 1
4415 1
4416 1
4417 1
4418 1
4419 1
4420 1
4421 1
4422 4
4423 1
4424 1
4425 1
4426 1
4427 1
4428 1
4429 1
4430 1
4431 1
4432 1
4433 1
4434 1
4435 4
4436 1
4437 1
4438 1
4439 1
4440 1
4441 1
4442 1
4443 1
4444 1
4445 1
4446 1
4447 1
4448 1
4449 1
4450 1
4451 1
4452 4
4453 1
4454 1
4455 1
4456 1
4457 1
4458 1
4459 1
4460 1
4461 1
4462 1
4463 1
4464 4
4465 1
4466 1
4467 1
4468 1
4469 1
4470 1
4471 1
4472 1
4473 1
4474 1
4475 1
4476 1
4477 4
4478 1
4479 1
4480 1
4481 1
4482 1
4483 1
4484 1
4485 1
4486 1
4487 1
4488 1
4489 1
4490 4
4491 1
4492 1
4493 1
4494 1
4495 1
4496 1
4497 1
4498 1
4499 1
4500 1
4501 1
4502 1
4503 4
4504 1
4505 1
4506 1
4507 1
4508 1
4509 1
4510 1
4511 1
4512 1
4513 1
4514 1
4515 1
4516 1
4517 4
4518 1
4519 1
4520 1
4521 1
4522 1
4523 1
4524 1
4525 1
4526 1
4527 1
4528 1
4529 4
4530 1
4531 1
4532 1
4533 1
4534 1
4535 1
4536 1
4537 2
4538 2
4539 1
4540 1
4541 1
4542 1
4543 1
4544 1
4545 1
4546 1
4547 1
4548 1
4549 1
4550 1
4551 1
4552 1
4553 1
4554 1
4555 1
4556 1
4557 2
4558 1
4559 1
4560 1
4561 1
4562 1
4563 1
4564 1
4565 1
4566 1
4567 1
4568 1
4569 1
4570 1
4571 1
4572 1
4573 1
4574 1
4575 1
4576 1
4577 1
4578 1
4579 1
4580 1
4581 1
4582 1
4583 1
4584 1
4585 1
4586 1
4587 1
4588 1
4589 4
4590 1
4591 1
4592 1
4593 1
4594 1
4595 1
4596 1
4597 1
4598 1
4599 1
4600 4
4601 1
4602 1
4603 1
4604 2
4605 2
4606 1
4607 2
4608 1
4609 1
4610 1
4611 1
4612 1
4613 1
4614 1
4615 1
4616 1
4617 1
4618 1
4619 1
4620 4
4621 1
4622 1
4623 1
4624 1
4625 1
4626 1
4627 1
4628 1
4629 1
4630 1
4631 4
4632 1
4633 1
4634 1
4635 1
4636 1
4637 1
4638 1
4639 1
4640 1
4641 1
4642 1
4643 1
4644 1
4645 1
4646 4
4647 1
4648 1
4649 1
4650 1
4651 1
4652 1
4653 1
4654 1
4655 1
4656 1
4657 4
4658 1
4659 1
4660 1
4661 1
4662 1
4663 1
4664 1
4665 1
4666 1
4667 1
4668 1
4669 1
4670 1
4671 1
4672 4
4673 1
4674 1
4675 1
4676 1
4677 1
4678 1
4679 1
4680 1
4681 1
4682 1
4683 1
4684 1
4685 1
4686 1
4687 1
4688 1
4689 1
4690 4
4691 1
4692 1
4693 1
4694 1
4695 1
4696 1
4697 1
4698 1
4699 1
4700 1
4701 1
4702 1
4703 4
4704 1
4705 1
4706 1
4707 1
4708 1
4709 1
4710 1
4711 1
4712 1
4713 1
4714 1
4715 4
4716 1
4717 1
4718 1
4719 1
4720 1
4721 1
4722 1
4723 1
4724 1
4725 1
4726 1
4727 1
4728 4
4729 1
4730 1
4731 1
4732 1
4733 1
4734 1
4735 1
4736 1
4737 1
4738 1
4739 1
4740 1
4741 4
4742 1
4743 1
4744 1
4745 1
4746 1
4747 1
4748 1
4749 1
4750 1
4751 1
4752 1
4753 1
4754 1
4755 4
4756 1
4757 1
4758 1
4759 1
4760 1
4761 1
4762 1
4763 1
4764 1
4765 1
4766 1
4767 1
4768 4
4769 1
4770 1
4771 1
4772 1
4773 1
4774 1
4775 1
4776 1
4777 1
4778 1
4779 1
4780 1
4781 4
4782 1
4783 1
4784 1
4785 1
4786 1
4787 1
4788 1
4789 1
4790 1
4791 1
4792 1
4793 1
4794 1
4795 4
4796 1
4797 1
4798 1
4799 1
4800 1
4801 1
4802 1
4803 1
4804 1
4805 1
4806 1
4807 1
4808 1
4809 1
4810 4
4811 1
4812 2
4813 2
4814 2
4815 1
4816 1
4817 1
4818 1
4819 1
4820 1
4821 1
4822 1
4823 1
4824 1
4825 1
4826 1
4827 1
4828 1
4829 1
4830 1
4831 1
4832 1
4833 1
4834 4
4835 1
4836 1
4837 1
4838 1
4839 1
4840 1
4841 1
4842 1
4843 1
4844 1
4845 1
4846 1
4847 1
4848 1
4849 1
4850 1
4851 1
4852 1
4853 4
4854 1
4855 1
4856 1
4857 1
4858 1
4859 1
4860 1
4861 1
4862 1
4863 1
4864 1
4865 4
4866 1
4867 1
4868 1
4869 1
4870 1
4871 1
4872 1
4873 1
4874 1
4875 1
4876 1
4877 1
4878 1
4879 4
4880 1
4881 1
4882 1
4883 1
4884 1
4885 1
4886 1
4887 1
4888 1
4889 1
4890 1
4891 4
4892 1
4893 1
4894 1
4895 1
4896 1
4897 1
4898 1
4899 1
4900 1
4901 1
4902 1
4903 1
4904 1
4905 1
4906 4
4907 1
4908 1
4909 1
4910 1
4911 1
4912 1
4913 1
4914 1
4915 1
4916 1
4917 1
4918 4
4919 1
4920 1
4921 1
4922 1
4923 1
4924 1
4925 1
4926 1
4927 1
4928 1
4929 1
4930 1
4931 1
4932 4
4933 1
4934 1
4935 1
4936 1
4937 1
4938 1
4939 1
4940 1
4941 1
4942 1
4943 4
4944 1
4945 1
4946 1
4947 1
4948 1
4949 1
4950 1
4951 1
4952 1
4953 1
4954 1
4955 1
4956 1
4957 1
4958 4
4959 1
4960 1
4961 1
4962 1
4963 1
4964 1
4965 1
4966 1
4967 1
4968 1
4969 1
4970 1
4971 1
4972 1
4973 1
4974 1
4975 4
4976 1
4977 1
4978 1
4979 1
4980 1
4981 1
4982 1
4983 1
4984 1
4985 1
4986 1
4987 4
4988 1
4989 1
4990 1
4991 1
4992 1
4993 1
4994 1
4995 1
4996 1
4997 1
4998 1
4999 1
5000 1
5001 4
5002 1
5003 1
5004 1
5005 1
5006 1
5007 1
5008 1
5009 1
5010 1
5011 1
5012 1
5013 4
5014 1
5015 1
5016 1
5017 1
5018 1
5019 1
5020 1
5021 1
5022 1
5023 1
5024 1
5025 4
5026 1
5027 1
5028 1
5029 2
5030 2
5031 2
5032 1
5033 2
5034 2
5035 1
5036 1
5037 1
5038 1
5039 1
5040 1
5041 1
5042 1
5043 1
5044 1
5045 1
5046 1
5047 4
5048 1
5049 1
5050 1
5051 1
5052 1
5053 1
5054 1
5055 1
5056 1
5057 1
5058 4
5059 1
5060 1
5061 1
5062 1
5063 1
5064 1
5065 1
5066 1
5067 1
5068 1
5069 1
5070 1
5071 1
5072 1
5073 4
5074 1
5075 1
5076 1
5077 1
5078 1
5079 1
5080 1
5081 1
5082 1
5083 1
5084 1
5085 4
5086 1
5087 1
5088 1
5089 1
5090 1
5091 1
5092 1
5093 1
5094 1
5095 1
5096 1
5097 1
5098 1
5099 4
5100 1
5101 1
5102 1
5103 1
5104 1
5105 1
5106 1
5107 1
5108 1
5109 1
5110 1
5111 1
5112 1
5113 1
5114 1
5115 1
5116 1
5117 1
5118 1
5119 1
5120 4
5121 1
5122 1
5123 1
5124 1
5125 1
5126 1
5127 1
5128 1
5129 1
5130 1
5131 1
5132 4
5133 1
5134 1
5135 1
5136 1
5137 1
5138 1
5139 1
5140 1
5141 1
5142 1
5143 1
5144 1
5145 1
5146 4
5147 1
5148 1
5149 1
5150 1
5151 1
5152 1
5153 1
5154 1
5155 1
5156 1
5157 1
5158 1
5159 4
5160 1
5161 1
5162 1
5163 1
5164 1
5165 1
5166 1
5167 1
5168 1
5169 1
5170 1
5171 4
5172 1
5173 1
5174 1
5175 1
5176 1
5177 1
5178 1
5179 1
5180 1
5181 1
5182 1
5183 1
5184 1
5185 1
5186 4
5187 1
5188 1
5189 1
5190 1
5191 1
5192 1
5193 1
5194 1
5195 1
5196 1
5197 1
5198 4
5199 1
5200 1
5201 1
5202 1
5203 1
5204 1
5205 1
5206 1
5207 1
5208 1
5209 1
5210 1
5211 1
5212 1
5213 1
5214 1
5215 1
5216 1
5217 1
5218 1
5219 1
5220 1
5221 1
5222 1
5223 1
5224 1
5225 1
5226 1
5227 1
5228 1
5229 1
5230 1
5231 1
5232 1
5233 1
5234 1
5235 1
5236 1
5237 1
5238 1
5239 1
5240 1
5241 1
5242 1
5243 1
5244 1
5245 1
5246 1
5247 1
5248 1
5249 1
5250 1
5251 1
5252 1
5253 1
5254 1
5255 1
5256 1
5257 1
5258 1
5259 1
5260 1
5261 1
5262 1
5263 1
5264 1
5265 1
5266 1
5267 1
5268 1
5269 1
5270 1
5271 1
5272 1
5273 1
5274 1
5275 1
5276 1
5277 1
5278 1
5279 1
5280 1
5281 1
5282 1
5283 1
5284 1
5285 1
5286 1
5287 4
5288 1
5289 1
5290 1
5291 1
5292 1
5293 1
5294 1
5295 1
5296 1
5297 1
5298 1
5299 7
5300 1
5301 1
5302 1
5303 1
5304 1
5305 1
5306 1
5307 7
5308 1
5309 1
5310 1
5311 1
5312 1
5313 1
5314 1
5315 1
5316 1
5317 1
5318 1
5319 1
5320 1
5321 1
5322 1
5323 1
5324 1
5325 3
5326 1
5327 1
5328 1
5329 1
5330 1
5331 1
5332 1
5333 1
5334 1
5335 1
5336 3
5337 3
5338 3
5339 1
5340 1
5341 1
5342 1
5343 1
5344 1
5345 1
5346 1
5347 1
5348 1
5349 1
5350 1
5351 1
5352 1
5353 1
5354 1
5355 1
5356 1
5357 1
5358 1
5359 1
5360 1
5361 1
5362 1
5363 1
5364 1
5365 1
5366 1
5367 1
5368 1
5369 1
5370 1
5371 1
5372 1
5373 1
5374 1
5375 1
5376 1
5377 1
5378 1
5379 9
5380 1
5381 1
5382 1
5383 1
5384 1
5385 1
5386 1
5387 1
5388 1
5389 1
5390 1
5391 1
5392 1
5393 1
5394 1
5395 1
5396 1
5397 1
5398 1
5399 1
5400 1
5401 1
5402 1
5403 1
5404 1
5405 1
5406 1
5407 1
5408 1
5409 1
5410 1
5411 1
5412 1
5413 1
5414 1
5415 1
5416 1
5417 1
5418 1
5419 1
5420 1
5421 1
5422 1
5423 1
5424 1
5425 1
5426 1
5427 1
5428 1
5429 1
5430 1
5431 1
5432 1
5433 1
5434 1
5435 1
5436 1
5437 1
5438 1
5439 1
5440 1
5441 1
5442 1
5443 1
5444 1
5445 1
5446 1
5447 1
5448 1
5449 1
5450 1
5451 1
5452 1
5453 1
5454 1
5455 1
5456 1
5457 1
5458 1
5459 1
5460 1
5461 1
5462 1
5463 1
5464 1
5465 1
5466 1
5467 1
5468 1
5469 1
5470 1
5471 1
5472 1
5473 1
5474 1
5475 9
5476 1
5477 1
5478 1
5479 1
5480 1
5481 1
5482 1
5483 1
5484 1
5485 1
5486 1
5487 1
5488 1
5489 1
5490 1
5491 1
5492 1
5493 1
5494 1
5495 1
5496 1
5497 1
5498 9
5499 1
5500 1
5501 1
5502 1
5503 1
5504 1
5505 1
5506 1
5507 1
5508 1
5509 1
5510 1
5511 1
5512 9
5513 1
5514 1
5515 1
5516 1
5517 1
5518 1
5519 1
5520 1
5521 1
5522 1
5523 1
5524 1
5525 1
5526 1
5527 1
5528 1
5529 1
5530 1
5531 1
5532 1
5533 1
5534 1
5535 1
5536 1
5537 1
5538 1
5539 1
5540 1
5541 1
5542 1
5543 1
5544 1
5545 1
5546 1
5547 1
5548 1
5549 1
5550 1
5551 1
5552 1
5553 1
5554 1
5555 1
5556 1
5557 1
5558 1
5559 1
5560 1
5561 1
5562 1
5563 1
5564 1
5565 1
5566 1
5567 1
5568 1
5569 1
5570 1
5571 1
5572 1
5573 1
5574 1
5575 1
5576 1
5577 1
5578 1
5579 1
5580 1
